0 0.6921875 0.21171875 0.140625 0.20078125
0 0.85234375 0.2140625 0.146875 0.2359375
0 0.91328125 0.46015625 0.15078125 0.2390625
0 0.90234375 0.75625 0.14921875 0.2078125
0 0.696875 0.53359375 0.1359375 0.21484375
0 0.81171875 0.62734375 0.1359375 0.2375
0 0.65625 0.78125 0.1375 0.20078125
0 0.05859375 0.85078125 0.1171875 0.21875
0 0.1515625 0.90625 0.14609375 0.18671875
0 0.29140625 0.65859375 0.140625 0.2234375
0 0.353125 0.11484375 0.15625 0.22890625
0 0.46328125 0.28046875 0.1359375 0.21484375
0 0.55546875 0.46796875 0.12890625 0.2171875
0 0.50546875 0.6546875 0.1421875 0.19921875
0 0.4234375 0.86875 0.15390625 0.20625
0 0.07265625 0.57890625 0.1453125 0.2109375
0 0.16015625 0.3546875 0.13125 0.19453125
0 0.30234375 0.253125 0.1359375 0.21484375
0 0.07265625 0.18671875 0.13046875 0.23046875
0 0.1859375 0.134375 0.14453125 0.21171875
0 0.36171875 0.43828125 0.16484375 0.22578125
0 0.39765625 0.621875 0.134375 0.221875