0 0.371875 0.821875 0.1796875 0.225
0 0.21484375 0.853125 0.1921875 0.2609375
0 0.10390625 0.625 0.1984375 0.265625
0 0.07421875 0.3328125 0.1484375 0.234375
0 0.30078125 0.5078125 0.178125 0.2390625
0 0.16875 0.440625 0.1828125 0.2609375
0 0.2890625 0.25703125 0.1765625 0.2234375
0 0.8578125 0.0921875 0.159375 0.184375
0 0.75546875 0.06875 0.1828125 0.1375
0 0.67109375 0.3015625 0.184375 0.2484375
0 0.7234375 0.84609375 0.2 0.25625
0 0.58125 0.70703125 0.178125 0.2390625
0 0.45234375 0.54296875 0.1703125 0.2390625
0 0.4625 0.35 0.18125 0.225
0 0.4984375 0.1234375 0.19375 0.234375
0 0.9015625 0.33359375 0.1859375 0.2359375
0 0.8625 0.57109375 0.16875 0.21875
0 0.74453125 0.7 0.178125 0.2390625
0 0.946875 0.7171875 0.10625 0.253125
0 0.88359375 0.7921875 0.184375 0.2375
0 0.6484375 0.53125 0.209375 0.2546875
0 0.575 0.359375 0.178125 0.2453125