0 0.3125 0.79140625 0.14375 0.203125
0 0.15234375 0.7921875 0.1515625 0.2390625
0 0.0875 0.546875 0.15625 0.2421875
0 0.09296875 0.25078125 0.153125 0.2109375
0 0.30234375 0.46953125 0.1390625 0.2171875
0 0.1859375 0.378125 0.140625 0.2390625
0 0.3390625 0.221875 0.140625 0.203125
0 0.93515625 0.14140625 0.1203125 0.2203125
0 0.840625 0.09140625 0.15 0.1828125
0 0.70546875 0.3375 0.14375 0.2265625
0 0.65390625 0.8828125 0.1609375 0.23125
0 0.540625 0.71875 0.1390625 0.2171875
0 0.4453125 0.5328125 0.13125 0.21875
0 0.4921875 0.3453125 0.1453125 0.203125
0 0.5703125 0.1296875 0.1578125 0.209375
0 0.92578125 0.41328125 0.1484375 0.2140625
0 0.8421875 0.6390625 0.134375 0.196875
0 0.7015625 0.74375 0.1390625 0.2171875
0 0.93203125 0.80546875 0.1359375 0.2328125
0 0.8203125 0.86015625 0.146875 0.215625
0 0.6390625 0.559375 0.16875 0.228125
0 0.6 0.3765625 0.1375 0.2234375