0 0.228125 0.34453125 0.1171875 0.16875
0 0.1828125 0.54375 0.1265625 0.16875
0 0.29921875 0.6953125 0.1234375 0.1890625
0 0.50078125 0.89765625 0.121875 0.171875
0 0.678125 0.86796875 0.1265625 0.1796875
0 0.76015625 0.60078125 0.115625 0.1765625
0 0.8046875 0.44921875 0.128125 0.18125
0 0.68359375 0.3046875 0.1265625 0.1875
0 0.5 0.5 1 1
0 0.3234375 0.1421875 0.1234375 0.1671875
0 0.51015625 0.11953125 0.1140625 0.15625
0 0.66484375 0.1078125 0.096875 0.13125
0 0.3765625 0.35078125 0.103125 0.1453125
0 0.196875 0.165625 0.109375 0.1265625