0 0.26640625 0.29140625 0.0875 0.1546875
0 0.18046875 0.4765625 0.09609375 0.1515625
0 0.26328125 0.64921875 0.0890625 0.17421875
0 0.41796875 0.8890625 0.090625 0.15546875
0 0.59765625 0.896875 0.09453125 0.1640625
0 0.73359375 0.65234375 0.084375 0.16171875
0 0.80859375 0.51328125 0.09609375 0.1640625
0 0.7203125 0.346875 0.0921875 0.17109375
0 0.4984375 0.5 0.903125 1
0 0.4015625 0.11328125 0.09296875 0.1515625
0 0.5890625 0.1296875 0.0875 0.140625
0 0.74296875 0.15078125 0.0734375 0.11796875
0 0.41015625 0.328125 0.07734375 0.13046875
0 0.27265625 0.11015625 0.0875 0.1109375