0 0.35078125 0.32734375 0.2921875 0.2515625
0 0.13046875 0.65078125 0.1046875 0.0609375
0 0.3578125 0.45234375 0.0828125 0.0515625
0 0.30859375 0.3609375 0.0875 0.0765625
0 0.36328125 0.40078125 0.0703125 0.0484375
0 0.46875 0.4484375 0.0890625 0.046875
0 0.59609375 0.48359375 0.084375 0.065625
0 0.67109375 0.49375 0.10625 0.0609375
0 0.7609375 0.5265625 0.109375 0.0703125
0 0.796875 0.56015625 0.10625 0.06875
0 0.88359375 0.5875 0.109375 0.065625
0 0.80546875 0.62109375 0.10625 0.06875
0 0.84453125 0.67578125 0.121875 0.071875
0 0.76171875 0.715625 0.103125 0.0609375
0 0.7109375 0.659375 0.103125 0.0703125
0 0.703125 0.59296875 0.09375 0.0640625
0 0.684375 0.54453125 0.090625 0.0609375
0 0.4765625 0.59453125 0.10625 0.06875
0 0.38828125 0.54609375 0.084375 0.0609375
0 0.4890625 0.50078125 0.09375 0.0796875
0 0.2859375 0.5015625 0.09375 0.0515625
0 0.22421875 0.57421875 0.0875 0.0515625
0 0.2078125 0.62265625 0.0875 0.0640625
0 0.13828125 0.70859375 0.1109375 0.0703125
0 0.184375 0.765625 0.103125 0.0609375
0 0.2046875 0.81171875 0.125 0.0796875
0 0.25546875 0.878125 0.109375 0.06875
0 0.36640625 0.89921875 0.11875 0.075
0 0.409375 0.84140625 0.1109375 0.08125
0 0.51875 0.81796875 0.1125 0.0609375
0 0.48828125 0.89921875 0.1203125 0.06875
0 0.61328125 0.90625 0.109375 0.0734375
0 0.7015625 0.90859375 0.1 0.0609375
0 0.82578125 0.86875 0.115625 0.075
0 0.7703125 0.821875 0.13125 0.06875
0 0.8484375 0.75625 0.103125 0.06875
0 0.60546875 0.76015625 0.10625 0.065625
0 0.675 0.825 0.084375 0.0640625
0 0.58203125 0.84609375 0.109375 0.075
0 0.49375 0.74765625 0.1015625 0.0890625
0 0.5125 0.70390625 0.1 0.0671875
0 0.60625 0.66953125 0.0953125 0.0796875
0 0.32421875 0.80546875 0.115625 0.0765625
0 0.25703125 0.7234375 0.1140625 0.0625
0 0.34296875 0.68125 0.103125 0.0796875
0 0.421875 0.678125 0.1203125 0.06875
0 0.32578125 0.6359375 0.1046875 0.0640625
0 0.6078125 0.56015625 0.1109375 0.0796875
0 0.51953125 0.6484375 0.1125 0.065625
0 0.28046875 0.60390625 0.1 0.0640625
0 0.36015625 0.75390625 0.103125 0.0796875