0 0.6265625 0.68984375 0.2953125 0.25625
0 0.88515625 0.3953125 0.1046875 0.0625
0 0.6359375 0.5640625 0.084375 0.053125
0 0.67265625 0.66171875 0.0890625 0.078125
0 0.6234375 0.61484375 0.071875 0.05
0 0.52421875 0.5546875 0.090625 0.0484375
0 0.40234375 0.5046875 0.0859375 0.0671875
0 0.3296875 0.4859375 0.10625 0.0640625
0 0.24375 0.4421875 0.1109375 0.071875
0 0.21328125 0.40390625 0.109375 0.071875
0 0.13046875 0.36640625 0.109375 0.0671875
0 0.21171875 0.34296875 0.109375 0.071875
0 0.17890625 0.28359375 0.1234375 0.075
0 0.26640625 0.25390625 0.103125 0.0625
0 0.31015625 0.315625 0.1046875 0.071875
0 0.31015625 0.38359375 0.0953125 0.065625
0 0.321875 0.43359375 0.090625 0.0625
0 0.534375 0.409375 0.1078125 0.071875
0 0.61640625 0.46796875 0.084375 0.0625
0 0.5109375 0.50078125 0.0953125 0.08125
0 0.7125 0.52421875 0.0953125 0.053125
0 0.78203125 0.46015625 0.0890625 0.053125
0 0.80546875 0.4140625 0.0890625 0.065625
0 0.884375 0.3375 0.1125 0.071875
0 0.8453125 0.275 0.103125 0.0625
0 0.83046875 0.2265625 0.1265625 0.08125
0 0.7890625 0.1546875 0.1125 0.0703125
0 0.68046875 0.1203125 0.1203125 0.0765625
0 0.63203125 0.17265625 0.1125 0.0828125
0 0.51953125 0.18203125 0.1125 0.0625
0 0.56015625 0.1046875 0.121875 0.0703125
0 0.43671875 0.0828125 0.1109375 0.0765625
0 0.35 0.06953125 0.1 0.0625
0 0.22109375 0.09453125 0.1171875 0.0765625
0 0.27109375 0.146875 0.1328125 0.071875
0 0.1859375 0.203125 0.1046875 0.0703125
0 0.42734375 0.22890625 0.109375 0.06875
0 0.365625 0.15625 0.0859375 0.065625
0 0.46015625 0.14609375 0.1109375 0.078125
0 0.53671875 0.25546875 0.103125 0.090625
0 0.5125 0.29609375 0.1015625 0.06875
0 0.415625 0.31875 0.096875 0.08125
0 0.71171875 0.21796875 0.1171875 0.078125
0 0.76875 0.3078125 0.1140625 0.0640625
0 0.678125 0.3390625 0.1046875 0.08125
0 0.59921875 0.3328125 0.121875 0.0703125
0 0.68984375 0.38671875 0.1046875 0.065625
0 0.4 0.42734375 0.1125 0.08125
0 0.4984375 0.35 0.1125 0.0671875
0 0.73125 0.4234375 0.1 0.065625
0 0.66953125 0.26484375 0.1046875 0.08125