0 0.36015625 0.31953125 0.2796875 0.23828125
0 0.1234375 0.63125 0.1015625 0.05546875
0 0.36015625 0.4453125 0.08203125 0.04765625
0 0.31640625 0.35078125 0.08359375 0.071875
0 0.36875 0.39375 0.06796875 0.0453125
0 0.471875 0.446875 0.0875 0.0421875
0 0.596875 0.48828125 0.08203125 0.0609375
0 0.67109375 0.50234375 0.103125 0.05546875
0 0.759375 0.53984375 0.10546875 0.0640625
0 0.79296875 0.57578125 0.10390625 0.0640625
0 0.878125 0.6078125 0.10546875 0.05859375
0 0.7984375 0.63671875 0.10390625 0.0640625
0 0.83515625 0.69375 0.11875 0.06640625
0 0.75 0.72890625 0.09921875 0.05546875
0 0.70234375 0.6703125 0.1 0.06640625
0 0.69765625 0.603125 0.09140625 0.06015625
0 0.68203125 0.55390625 0.08828125 0.05703125
0 0.471875 0.59296875 0.103125 0.0640625
0 0.3859375 0.53984375 0.08203125 0.05546875
0 0.4890625 0.5 0.08984375 0.07421875
0 0.2859375 0.490625 0.0921875 0.04765625
0 0.22109375 0.559375 0.0859375 0.046875
0 0.2015625 0.60703125 0.084375 0.06015625
0 0.128125 0.6890625 0.1078125 0.0640625
0 0.17109375 0.7484375 0.1 0.05546875
0 0.1890625 0.79609375 0.12265625 0.0734375
0 0.2359375 0.86484375 0.10703125 0.0625
0 0.34609375 0.89140625 0.11484375 0.06796875
0 0.39140625 0.8359375 0.1078125 0.07421875
0 0.50234375 0.81875 0.109375 0.0546875
0 0.4671875 0.8984375 0.1171875 0.0625
0 0.5921875 0.91171875 0.10703125 0.06796875
0 0.6796875 0.91875 0.09609375 0.05546875
0 0.80625 0.88515625 0.11171875 0.06875
0 0.753125 0.8359375 0.12890625 0.0625
0 0.834375 0.77421875 0.09921875 0.0640625
0 0.59140625 0.765625 0.10390625 0.0609375
0 0.6578125 0.83359375 0.08046875 0.05859375
0 0.5640625 0.85 0.10546875 0.0703125
0 0.48046875 0.746875 0.09609375 0.08359375
0 0.5015625 0.70390625 0.09609375 0.0625
0 0.596875 0.675 0.0921875 0.07578125
0 0.30859375 0.79609375 0.11171875 0.0703125
0 0.2453125 0.71015625 0.1109375 0.05546875
0 0.33359375 0.67265625 0.09921875 0.07421875
0 0.4125 0.6734375 0.1171875 0.0625
0 0.31875 0.6265625 0.1015625 0.05859375
0 0.6046875 0.565625 0.1078125 0.0734375
0 0.51171875 0.64921875 0.109375 0.06015625
0 0.275 0.5921875 0.09765625 0.06015625
0 0.346875 0.74609375 0.1 0.07421875