0 0.1421875 0.1734375 0.1734375 0.24140625
0 0.37421875 0.16953125 0.16953125 0.24140625
0 0.60234375 0.171875 0.18359375 0.23828125
0 0.85234375 0.16484375 0.1828125 0.25546875
0 0.85 0.459375 0.1890625 0.26171875
0 0.85 0.75703125 0.19140625 0.2625
0 0.6140625 0.75703125 0.20703125 0.26875
0 0.61171875 0.4625 0.20625 0.27734375
0 0.3734375 0.4578125 0.196875 0.2671875
0 0.14765625 0.453125 0.19296875 0.26875
0 0.14453125 0.75234375 0.18671875 0.25546875
0 0.37265625 0.7609375 0.1859375 0.2703125