0 0.20859375 0.253125 0.15078125 0.22890625
0 0.3203125 0.3828125 0.140625 0.20859375
0 0.41796875 0.64453125 0.14296875 0.196875
0 0.5140625 0.8484375 0.18125 0.27421875
0 0.6359375 0.4359375 0.1484375 0.2203125
0 0.7796875 0.5171875 0.18828125 0.26875
0 0.25390625 0.59609375 0.1625 0.246875
0 0.096875 0.109375 0.178125 0.21875
0 0.06171875 0.2671875 0.1234375 0.19140625
0 0.046875 0.70625 0.09375 0.21171875
0 0.284375 0.89453125 0.125 0.16015625
0 0.68203125 0.79140625 0.1625 0.1828125
0 0.77265625 0.265625 0.18984375 0.24609375
0 0.40078125 0.278125 0.165625 0.2296875
0 0.39296875 0.08984375 0.1515625 0.1796875