0 0.70390625 0.17734375 0.246875 0.1796875
0 0.59140625 0.30546875 0.2265625 0.16875
0 0.3453125 0.4390625 0.215625 0.1703125
0 0.15703125 0.5625 0.296875 0.2171875
0 0.58203125 0.62578125 0.2390625 0.178125
0 0.521875 0.7796875 0.2921875 0.2234375
0 0.3703125 0.26953125 0.2671875 0.1953125
0 0.83046875 0.07421875 0.2421875 0.1484375
0 0.66875 0.05390625 0.20625 0.1078125
0 0.2328125 0.0796875 0.2234375 0.121875
0 0.08359375 0.34140625 0.1671875 0.1453125
0 0.23671875 0.72109375 0.203125 0.1859375
0 0.7703125 0.7375 0.2703125 0.2234375
0 0.70625 0.37109375 0.25 0.1953125
0 0.89140625 0.33671875 0.1984375 0.175