0 0.1734375 0.3015625 0.184375 0.2484375
0 0.30390625 0.4125 0.171875 0.228125
0 0.44140625 0.65546875 0.1734375 0.2171875
0 0.56875 0.8421875 0.221875 0.3
0 0.62421875 0.415625 0.18125 0.240625
0 0.77890625 0.4734375 0.2265625 0.2953125
0 0.271875 0.63359375 0.1984375 0.26875
0 0.07265625 0.1765625 0.1453125 0.24375
0 0.053125 0.33828125 0.10625 0.2078125
0 0.084375 0.77421875 0.1265625 0.225
0 0.34765625 0.9171875 0.1484375 0.165625
0 0.725 0.759375 0.1890625 0.20625
0 0.7328125 0.22578125 0.2265625 0.2734375
0 0.3671875 0.29609375 0.2 0.253125
0 0.33046875 0.11171875 0.178125 0.2015625