0 0.11640625 0.52890625 0.17421875 0.265625
0 0.3484375 0.44375 0.11640625 0.17265625
0 0.3015625 0.4421875 0.02578125 0.04453125
0 0.51015625 0.40703125 0.0234375 0.03984375
0 0.803125 0.4 0.1140625 0.17734375
0 0.90234375 0.1515625 0.12890625 0.20546875
0 0.82890625 0.746875 0.22265625 0.34609375
0 0.49921875 0.6515625 0.11796875 0.17421875
0 0.39140625 0.75234375 0.08984375 0.11875
0 0.47421875 0.45078125 0.09296875 0.14140625
0 0.55390625 0.48203125 0.0703125 0.09609375
0 0.39921875 0.303125 0.10703125 0.1171875
0 0.43515625 0.10234375 0.25546875 0.11015625
0 0.50234375 0.2734375 0.0640625 0.07890625
0 0.2984375 0.68515625 0.03828125 0.115625
0 0.5765625 0.78203125 0.04375 0.0671875
0 0.42890625 0.20234375 0.0640625 0.053125
0 0.496875 0.20078125 0.05546875 0.0671875