0 0.42421875 0.12265625 0.284375 0.20625
0 0.5375 0.34296875 0.184375 0.1359375
0 0.5328125 0.29609375 0.046875 0.0296875
0 0.59375 0.4984375 0.04375 0.028125
0 0.6359375 0.7890625 0.190625 0.134375
0 0.8921875 0.85703125 0.215625 0.1515625
0 0.2953125 0.85625 0.371875 0.2640625
0 0.34921875 0.51796875 0.1875 0.1390625
0 0.2359375 0.42265625 0.1296875 0.1046875
0 0.54609375 0.46875 0.1515625 0.1109375
0 0.52421875 0.5515625 0.1046875 0.08125
0 0.6828125 0.37578125 0.1296875 0.1203125
0 0.88671875 0.3875 0.1390625 0.2671875
0 0.725 0.475 0.0859375 0.0734375
0 0.29140625 0.32265625 0.11875 0.0515625
0 0.2296875 0.61015625 0.071875 0.0515625
0 0.78671875 0.39296875 0.0609375 0.0703125
0 0.796875 0.46015625 0.0734375 0.0640625