0 0.878125 0.43125 0.2015625 0.2828125
0 0.65625 0.53984375 0.1328125 0.1828125
0 0.703125 0.53671875 0.0296875 0.046875
0 0.5 0.59375 0.028125 0.0421875
0 0.209375 0.63125 0.1328125 0.1890625
0 0.1359375 0.88828125 0.15 0.21875
0 0.146875 0.2890625 0.2578125 0.36875
0 0.48515625 0.34921875 0.1359375 0.1859375
0 0.58125 0.2375 0.103125 0.128125
0 0.53046875 0.54609375 0.1078125 0.15
0 0.4484375 0.5234375 0.0796875 0.103125
0 0.62109375 0.68515625 0.1171875 0.128125
0 0.60625 0.8890625 0.265625 0.1359375
0 0.52109375 0.72578125 0.071875 0.084375
0 0.68125 0.29453125 0.05 0.11875
0 0.39453125 0.22734375 0.05 0.071875
0 0.6015625 0.78828125 0.06875 0.059375
0 0.534375 0.796875 0.0625 0.0734375