0 0.83828125 0.92109375 0.1515625 0.1578125
0 0.703125 0.91015625 0.146875 0.1796875
0 0.56796875 0.89140625 0.153125 0.203125
0 0.43359375 0.8640625 0.1578125 0.2140625
0 0.3 0.8359375 0.1609375 0.21875
0 0.15546875 0.803125 0.159375 0.2171875
0 0.0484375 0.765625 0.096875 0.21875
0 0.06875 0.55546875 0.1375 0.2265625
0 0.20078125 0.5875 0.159375 0.20625
0 0.340625 0.61875 0.1625 0.2046875
0 0.48125 0.65078125 0.15625 0.2140625
0 0.6140625 0.6734375 0.1453125 0.1890625
0 0.7453125 0.69921875 0.1515625 0.2015625
0 0.88125 0.73046875 0.1625 0.2140625
0 0.925 0.5109375 0.15 0.190625
0 0.95078125 0.29140625 0.0984375 0.1828125
0 0.7921875 0.4890625 0.1265625 0.1734375
0 0.83828125 0.271875 0.153125 0.2015625
0 0.6609375 0.45625 0.159375 0.2265625
0 0.70390625 0.24921875 0.14375 0.1890625
0 0.5296875 0.4203125 0.165625 0.2015625
0 0.39140625 0.3984375 0.1625 0.2015625
0 0.24375 0.37109375 0.171875 0.2171875
0 0.1015625 0.3359375 0.159375 0.2203125
0 0.14921875 0.125 0.1671875 0.2140625
0 0.29375 0.1609375 0.1546875 0.196875
0 0.440625 0.1953125 0.1578125 0.2140625
0 0.57109375 0.20625 0.1625 0.2234375