0 0.134375 0.9234375 0.1859375 0.115625
0 0.13359375 0.78671875 0.175 0.1140625
0 0.13125 0.64765625 0.1828125 0.1171875
0 0.13046875 0.5109375 0.19375 0.11875
0 0.1296875 0.37421875 0.196875 0.121875
0 0.13203125 0.22578125 0.196875 0.11875
0 0.13984375 0.08203125 0.196875 0.1234375
0 0.35390625 0.0796875 0.20625 0.115625
0 0.35234375 0.22578125 0.184375 0.121875
0 0.35078125 0.36875 0.18125 0.128125
0 0.3484375 0.51328125 0.19375 0.11875
0 0.35390625 0.64765625 0.16875 0.1125
0 0.35625 0.78125 0.18125 0.115625
0 0.35390625 0.92109375 0.190625 0.1265625
0 0.57890625 0.92421875 0.1671875 0.1296875
0 0.80234375 0.91953125 0.1625 0.1125
0 0.57109375 0.78359375 0.15625 0.096875
0 0.79375 0.78359375 0.18125 0.11875
0 0.5765625 0.6484375 0.20625 0.11875
0 0.7875 0.64765625 0.1703125 0.109375
0 0.584375 0.5125 0.178125 0.13125
0 0.5765625 0.37265625 0.178125 0.128125
0 0.57265625 0.22265625 0.19375 0.134375
0 0.57734375 0.0765625 0.2 0.11875
0 0.79375 0.07890625 0.190625 0.1296875
0 0.7890625 0.22734375 0.175 0.1203125
0 0.7859375 0.378125 0.19375 0.11875
0 0.80234375 0.50859375 0.2015625 0.1234375