0 0.0765625 0.134375 0.11640625 0.1859375
0 0.21328125 0.13359375 0.11328125 0.17578125
0 0.35234375 0.13125 0.1171875 0.1828125
0 0.4890625 0.13046875 0.11953125 0.19296875
0 0.62578125 0.1296875 0.12265625 0.196875
0 0.77421875 0.13203125 0.11953125 0.19609375
0 0.91796875 0.13984375 0.1234375 0.196875
0 0.9203125 0.35390625 0.11640625 0.20546875
0 0.77421875 0.35234375 0.12265625 0.184375
0 0.63125 0.35078125 0.128125 0.18125
0 0.48671875 0.3484375 0.11953125 0.19453125
0 0.35234375 0.35390625 0.11328125 0.16875
0 0.21875 0.35625 0.11484375 0.18125
0 0.07890625 0.35390625 0.12578125 0.19140625
0 0.07578125 0.57890625 0.1296875 0.1671875
0 0.08046875 0.80234375 0.11328125 0.16171875
0 0.21640625 0.57109375 0.09609375 0.15546875
0 0.21640625 0.79375 0.11796875 0.18125
0 0.3515625 0.5765625 0.11953125 0.20703125
0 0.35234375 0.7875 0.11015625 0.1703125
0 0.4875 0.584375 0.13125 0.17734375
0 0.62734375 0.5765625 0.128125 0.17890625
0 0.77734375 0.57265625 0.13359375 0.19453125
0 0.9234375 0.57734375 0.11953125 0.2
0 0.92109375 0.79375 0.1296875 0.18984375
0 0.77265625 0.7890625 0.1203125 0.17578125
0 0.621875 0.7859375 0.11953125 0.19453125
0 0.49140625 0.80234375 0.1234375 0.2015625