0 0.28046875 0.50078125 0.484375 0.865625
0 0.6859375 0.48984375 0.4796875 0.8796875
0 0.53203125 0.37734375 0.046875 0.096875
0 0.55546875 0.2828125 0.05 0.096875
0 0.5953125 0.221875 0.05 0.075
0 0.65234375 0.1859375 0.05 0.09375
0 0.709375 0.209375 0.0515625 0.10625
0 0.75859375 0.26015625 0.046875 0.1015625
0 0.7984375 0.353125 0.0453125 0.0890625
0 0.81796875 0.47421875 0.053125 0.090625
0 0.80859375 0.5796875 0.05 0.0875
0 0.79375 0.67578125 0.046875 0.0859375
0 0.58515625 0.70390625 0.0453125 0.09375
0 0.54921875 0.60546875 0.04375 0.075
0 0.528125 0.49453125 0.05625 0.09375