0 0.71875 0.50703125 0.45625 0.8515625
0 0.3140625 0.503125 0.453125 0.865625
0 0.46328125 0.621875 0.04375 0.0953125
0 0.4375 0.71484375 0.046875 0.0953125
0 0.39453125 0.775 0.0484375 0.0734375
0 0.33671875 0.80859375 0.046875 0.0921875
0 0.28046875 0.7828125 0.046875 0.1046875
0 0.2328125 0.73046875 0.04375 0.1
0 0.196875 0.63671875 0.0421875 0.0875
0 0.18125 0.51484375 0.05 0.0890625
0 0.19453125 0.41015625 0.046875 0.0859375
0 0.2125 0.3140625 0.04375 0.084375
0 0.421875 0.29296875 0.0421875 0.0921875
0 0.4546875 0.39296875 0.0421875 0.0734375
0 0.471875 0.5046875 0.053125 0.0921875