0 0.28125 0.48515625 0.4265625 0.83828125
0 0.6859375 0.503125 0.42265625 0.8515625
0 0.540625 0.3796875 0.04140625 0.09453125
0 0.5703125 0.2875 0.04375 0.09453125
0 0.61484375 0.22890625 0.0453125 0.07265625
0 0.67421875 0.19765625 0.04453125 0.08984375
0 0.72890625 0.225 0.04296875 0.10390625
0 0.775 0.27890625 0.040625 0.0984375
0 0.8078125 0.37421875 0.0390625 0.0859375
0 0.81875 0.49609375 0.04609375 0.0875
0 0.80234375 0.60078125 0.04375 0.084375
0 0.78046875 0.69609375 0.040625 0.0828125
0 0.57109375 0.709375 0.0390625 0.08984375
0 0.54140625 0.60859375 0.0390625 0.07109375
0 0.528125 0.49609375 0.04921875 0.08984375